YY0 = 2012;
YY0 = 2016;
YY0 = 2020;
YY0 = 2024;
